n=80
m=25.0
Ry=10.0
theta=8
a_albu=24.2
b_albu=19.2
a_casc=24.6
b_casc=19.6
a=0.000002
t=60
T0_Huevo=25
T0_Aire=25
kk=-0.00000001
rmax_y=19.0
t0=0
t1=10
t2=30
t3=55
